   0.00000000      -1.00000000    
   5.00000007E-02 -0.948771119    
  0.100000001     -0.895170748    
  0.150000006     -0.839332938    
  0.200000003     -0.781397283    
  0.250000000     -0.721508443    
  0.300000012     -0.659816265    
  0.349999994     -0.596474886    
  0.400000006     -0.531642675    
  0.450000018     -0.465481520    
  0.500000000     -0.398157001    
  0.550000012     -0.329837263    
  0.600000024     -0.260693133    
  0.650000036     -0.190897286    
  0.699999988     -0.120624542    
  0.750000000      -5.00500798E-02
  0.800000012       2.06493735E-02
  0.850000024       9.12973285E-02
  0.900000036      0.161716998    
  0.949999988      0.231732428    
   1.00000000      0.301168680    
   1.05000007      0.369852245    
   1.10000002      0.437611312    
   1.14999998      0.504276514    
   1.20000005      0.569681406    
   1.25000000      0.633662224    
   1.30000007      0.696059465    
   1.35000002      0.756716728    
   1.39999998      0.815482557    
   1.45000005      0.872210264    
   1.50000000      0.926757812    
   1.55000007      0.978989005    
   1.60000002       1.02877319    
   1.64999998       1.07598591    
   1.70000005       1.12050939    
   1.75000000       1.16223204    
   1.80000007       1.20104980    
   1.85000002       1.23686552    
   1.89999998       1.26958966    
   1.95000005       1.29914057    
   2.00000000       1.32544422    
   2.04999995       1.34843504    
   2.10000014       1.36805558    
   2.15000010       1.38425648    
   2.20000005       1.39699745    
   2.25000000       1.40624690    
   2.29999995       1.41198123    
   2.35000014       1.41418648    
   2.40000010       1.41285694    
   2.45000005       1.40799594    
   2.50000000       1.39961576    
   2.54999995       1.38773727    
   2.60000014       1.37239003    
   2.65000010       1.35361266    
   2.70000005       1.33145201    
   2.75000000       1.30596340    
   2.79999995       1.27721047    
   2.85000014       1.24526513    
   2.90000010       1.21020746    
   2.95000005       1.17212486    
   3.00000000       1.13111246    
   3.04999995       1.08727300    
   3.10000014       1.04071569    
   3.15000010      0.991557300    
   3.20000005      0.939920604    
   3.25000000      0.885934532    
   3.29999995      0.829734147    
   3.35000014      0.771459579    
   3.40000010      0.711256981    
   3.45000005      0.649276614    
   3.50000000      0.585673451    
   3.54999995      0.520606399    
   3.60000014      0.454237819    
   3.65000010      0.386734128    
   3.70000005      0.318263829    
   3.75000000      0.248998046    
   3.79999995      0.179109931    
   3.85000014      0.108773708    
   3.90000010       3.81659865E-02
   3.95000005      -3.25371027E-02
   4.00000000     -0.103158891    
   4.05000019     -0.173523128    
   4.09999990     -0.243453026    
   4.15000010     -0.312775075    
   4.20000029     -0.381315321    
   4.25000000     -0.448901892    
   4.30000019     -0.515367031    
   4.34999990     -0.580543399    
   4.40000010     -0.644269347    
   4.45000029     -0.706384897    
   4.50000000     -0.766734302    
   4.55000019     -0.825167835    
   4.59999990     -0.881538332    
   4.65000010     -0.935706019    
   4.70000029     -0.987534940    
   4.75000000      -1.03689492    
   4.80000019      -1.08366382    
   4.84999990      -1.12772357    
   4.90000010      -1.16896510    
   4.95000029      -1.20728469    
   5.00000000      -1.24258649    
